#Ex4
#  A B C D
#A
#B
#C
#D

T = [0.16 0 0 0.36;
     0.36 0 0 0.24;
     0.24 0 0 0.24;
     0.24 1 1 0.16];
x0 = [1 0 0 0]';

R = (T^10)*x0

A = R(1)
B = R(2)
C = R(3)
D = R(4)


